Id<-c(1:18)
> age<-c(23,23,27,27,39,41,47,49,50,52,54,54,56,57,58,58,60,61)
> fat<-c(9.5,26.5,7.8,17.8,31.4,25.9,27.4,27.2,31.2,34.6,42.5,28.8,33.4,30.2,34.1,32.9,41.2,35.7)
> data.frame(Id,age,fat)
   Id age  fat
1   1  23  9.5
2   2  23 26.5
3   3  27  7.8
4   4  27 17.8
5   5  39 31.4
6   6  41 25.9
7   7  47 27.4
8   8  49 27.2
9   9  50 31.2
10 10  52 34.6
11 11  54 42.5
12 12  54 28.8
13 13  56 33.4
14 14  57 30.2
15 15  58 34.1
16 16  58 32.9
17 17  60 41.2
18 18  61 35.7
> mean(age)
[1] 46.44444
> median(age)
[1] 51
> sd(age)
[1] 13.21862
> mean(fat)
[1] 28.78333
> median(fat)
[1] 30.7
> sd(fat)
[1] 9.254395
> boxplot(age,fat)
> plot (age,fat)
